6871,919.4,0,-0.844301,9.194,0
6786.57,1838.8,0,-1.66642,9.08399,0
6619.93,2747.2,0,-2.44462,8.87314,0
6375.47,3634.51,0,-3.16129,8.57573,0
6059.34,4492.09,0,-3.80426,8.20918,0
5678.91,5313,0,-4.36707,7.79195,0
5242.2,6092.2,0,-4.84836,7.34167,0
4757.37,6826.37,0,-5.25084,6.87393,0
4232.28,7513.76,0,-5.58003,6.40157,0
3674.28,8153.92,0,-5.84307,5.93458,0
3089.97,8747.37,0,-6.0478,5.48025,0
2485.19,9295.4,0,-6.20206,5.04355,0
1864.99,9799.75,0,-6.31327,4.62762,0
1233.66,10262.5,0,-6.38815,4.23413,0
594.847,10685.9,0,-6.43268,3.86372,0
-48.4212,11072.3,0,-6.45202,3.51626,0
-693.623,11423.9,0,-6.4506,3.19114,0
-1338.68,11743,0,-6.43215,2.8874,0
-1981.9,12031.8,0,-6.39984,2.60389,0
-2621.88,12292.2,0,-6.35627,2.33938,0
-3257.51,12526.1,0,-6.30363,2.09261,0
-3887.87,12735.4,0,-6.24374,1.86232,0
-4512.25,12921.6,0,-6.1781,1.64731,0
-5130.06,13086.3,0,-6.10795,1.44642,0
-5740.85,13231,0,-6.03432,1.25858,0
-6344.28,13356.8,0,-5.95804,1.0828,0
-6940.09,13465.1,0,-5.87983,0.918134,0
-7528.07,13556.9,0,-5.80025,0.763734,0
-8108.1,13633.3,0,-5.71978,0.618814,0
-8680.07,13695.2,0,-5.6388,0.482653,0
-9243.95,13743.4,0,-5.55763,0.354593,0
-9799.72,13778.9,0,-5.47654,0.234029,0
-10347.4,13802.3,0,-5.39574,0.120411,0
-10886.9,13814.3,0,-5.31539,0.0132341,0
-11418.5,13815.7,0,-5.23564,-0.0879629,0
-11942,13806.9,0,-5.15659,-0.183602,0
-12457.7,13788.5,0,-5.07834,-0.27407,0
-12965.5,13761.1,0,-5.00096,-0.359719,0
-13465.6,13725.1,0,-4.92449,-0.440876,0
-13958.1,13681,0,-4.84899,-0.517838,0
-14443,13629.3,0,-4.77447,-0.590878,0
-14920.4,13570.2,0,-4.70096,-0.660249,0
-15390.5,13504.2,0,-4.62846,-0.726182,0
-15853.4,13431.5,0,-4.55699,-0.78889,0
-16309.1,13352.6,0,-4.48655,-0.848571,0
-16757.7,13267.8,0,-4.41713,-0.905407,0
-17199.4,13177.2,0,-4.34873,-0.959565,0
-17634.3,13081.3,0,-4.28133,-1.0112,0
-18062.4,12980.2,0,-4.21492,-1.06046,0
-18483.9,12874.1,0,-4.1495,-1.10748,0
-18898.9,12763.4,0,-4.08503,-1.15238,0
-19307.4,12648.1,0,-4.02152,-1.19527,0
-19709.5,12528.6,0,-3.95893,-1.23627,0
-20105.4,12405,0,-3.89726,-1.27548,0
-20495.2,12277.4,0,-3.83648,-1.31298,0
-20878.8,12146.1,0,-3.77657,-1.34887,0
-21256.5,12011.3,0,-3.71752,-1.38322,0
-21628.2,11872.9,0,-3.6593,-1.41611,0
-21994.2,11731.3,0,-3.6019,-1.44762,0
-22354.3,11586.6,0,-3.5453,-1.47781,0
-22708.9,11438.8,0,-3.48948,-1.50675,0
-23057.8,11288.1,0,-3.43442,-1.53448,0
-23401.3,11134.7,0,-3.3801,-1.56107,0
-23739.3,10978.5,0,-3.32651,-1.58657,0
-24071.9,10819.9,0,-3.27362,-1.61103,0
-24399.3,10658.8,0,-3.22143,-1.63449,0
-24721.4,10495.3,0,-3.1699,-1.657,0
-25038.4,10329.6,0,-3.11904,-1.6786,0
-25350.3,10161.8,0,-3.06881,-1.69932,0
-25657.2,9991.84,0,-3.01921,-1.7192,0
-25959.1,9819.92,0,-2.97022,-1.73828,0
-26256.1,9646.09,0,-2.92182,-1.75659,0
-26548.3,9470.44,0,-2.874,-1.77416,0
-26835.7,9293.02,0,-2.82675,-1.79101,0
-27118.4,9113.92,0,-2.78004,-1.80718,0
-27396.4,8933.2,0,-2.73388,-1.8227,0
-27669.8,8750.93,0,-2.68824,-1.83758,0
-27938.6,8567.17,0,-2.64312,-1.85185,0
-28202.9,8381.99,0,-2.59849,-1.86554,0
-28462.8,8195.43,0,-2.55435,-1.87865,0
-28718.2,8007.57,0,-2.51069,-1.89123,0
-28969.3,7818.45,0,-2.4675,-1.90327,0
-29216,7628.12,0,-2.42475,-1.91481,0
-29458.5,7436.64,0,-2.38245,-1.92585,0
-29696.8,7244.05,0,-2.34059,-1.93642,0
-29930.8,7050.41,0,-2.29914,-1.94653,0
-30160.7,6855.76,0,-2.25811,-1.95619,0
-30386.5,6660.14,0,-2.21748,-1.96543,0
-30608.3,6463.6,0,-2.17725,-1.97425,0
-30826,6266.17,0,-2.1374,-1.98266,0
-31039.8,6067.9,0,-2.09792,-1.99069,0
-31249.5,5868.84,0,-2.05881,-1.99833,0
-31455.4,5669,0,-2.02006,-2.00561,0
-31657.4,5468.44,0,-1.98166,-2.01253,0
-31855.6,5267.19,0,-1.94361,-2.0191,0
-32050,5065.28,0,-1.90588,-2.02534,0
-32240.5,4862.74,0,-1.86849,-2.03125,0
-32427.4,4659.62,0,-1.83142,-2.03684,0
-32610.5,4455.93,0,-1.79465,-2.04213,0
-32790,4251.72,0,-1.7582,-2.04711,0
-32965.8,4047.01,0,-1.72204,-2.0518,0
-33138,3841.83,0,-1.68618,-2.0562,0
-33306.6,3636.21,0,-1.6506,-2.06032,0
-33471.7,3430.18,0,-1.6153,-2.06418,0
-33633.2,3223.76,0,-1.58027,-2.06777,0
-33791.3,3016.98,0,-1.54552,-2.0711,0
-33945.8,2809.87,0,-1.51102,-2.07418,0
-34096.9,2602.46,0,-1.47678,-2.07701,0
-34244.6,2394.76,0,-1.4428,-2.07961,0
-34388.9,2186.8,0,-1.40905,-2.08197,0
-34529.8,1978.6,0,-1.37555,-2.0841,0
-34667.3,1770.19,0,-1.34228,-2.086,0
-34801.6,1561.59,0,-1.30925,-2.08769,0
-34932.5,1352.82,0,-1.27643,-2.08916,0
-35060.1,1143.9,0,-1.24384,-2.09042,0
-35184.5,934.861,0,-1.21147,-2.09148,0
-35305.7,725.713,0,-1.1793,-2.09233,0
-35423.6,516.48,0,-1.14735,-2.09299,0
-35538.3,307.181,0,-1.11559,-2.09345,0
-35649.9,97.835,0,-1.08403,-2.09373,0
-35758.3,-111.538,0,-1.05267,-2.09381,0
-35863.6,-320.919,0,-1.0215,-2.09372,0
-35965.7,-530.291,0,-0.990511,-2.09344,0
-36064.8,-739.635,0,-0.959707,-2.09298,0
-36160.7,-948.933,0,-0.92908,-2.09236,0
-36253.6,-1158.17,0,-0.898628,-2.09156,0
-36343.5,-1367.32,0,-0.868347,-2.09059,0
-36430.3,-1576.38,0,-0.838234,-2.08946,0
-36514.2,-1785.33,0,-0.808284,-2.08816,0
-36595,-1994.15,0,-0.778495,-2.0867,0
-36672.8,-2202.82,0,-0.748863,-2.08509,0
-36747.7,-2411.32,0,-0.719384,-2.08332,0
-36819.7,-2619.66,0,-0.690057,-2.0814,0
-36888.7,-2827.8,0,-0.660876,-2.07932,0
-36954.8,-3035.73,0,-0.631841,-2.07709,0
-37017.9,-3243.44,0,-0.602946,-2.07472,0
-37078.2,-3450.91,0,-0.57419,-2.0722,0
-37135.6,-3658.13,0,-0.545569,-2.06954,0
-37190.2,-3865.08,0,-0.517081,-2.06673,0
-37241.9,-4071.76,0,-0.488723,-2.06378,0
-37290.8,-4278.13,0,-0.460491,-2.0607,0
-37336.8,-4484.2,0,-0.432384,-2.05747,0
-37380.1,-4689.95,0,-0.404399,-2.05411,0
-37420.5,-4895.36,0,-0.376532,-2.05061,0
-37458.2,-5100.42,0,-0.348782,-2.04698,0
-37493,-5305.12,0,-0.321146,-2.04322,0
-37525.2,-5509.44,0,-0.293621,-2.03933,0
-37554.5,-5713.38,0,-0.266206,-2.0353,0
-37581.1,-5916.91,0,-0.238897,-2.03115,0
-37605,-6120.02,0,-0.211692,-2.02686,0
-37626.2,-6322.71,0,-0.184589,-2.02245,0
-37644.7,-6524.95,0,-0.157586,-2.01791,0
-37660.4,-6726.74,0,-0.13068,-2.01325,0
-37673.5,-6928.07,0,-0.103869,-2.00846,0
-37683.9,-7128.92,0,-0.0771513,-2.00355,0
-37691.6,-7329.27,0,-0.0505244,-1.99851,0
-37696.6,-7529.12,0,-0.0239863,-1.99335,0
-37699,-7728.46,0,0.00246514,-1.98807,0
-37698.8,-7927.26,0,0.028832,-1.98266,0
-37695.9,-8125.53,0,0.0551163,-1.97714,0
-37690.4,-8323.24,0,0.08132,-1.97149,0
-37682.3,-8520.39,0,0.107445,-1.96572,0
-37671.5,-8716.96,0,0.133493,-1.95983,0
-37658.2,-8912.95,0,0.159467,-1.95382,0
-37642.2,-9108.33,0,0.185368,-1.94769,0
-37623.7,-9303.1,0,0.211198,-1.94144,0
-37602.6,-9497.24,0,0.236958,-1.93507,0
-37578.9,-9690.75,0,0.262651,-1.92858,0
-37552.6,-9883.61,0,0.288279,-1.92197,0
-37523.8,-10075.8,0,0.313843,-1.91524,0
-37492.4,-10267.3,0,0.339344,-1.90839,0
-37458.5,-10458.2,0,0.364786,-1.90143,0
-37422,-10648.3,0,0.390169,-1.89434,0
-37383,-10837.7,0,0.415495,-1.88713,0
-37341.4,-11026.5,0,0.440765,-1.87981,0
-37297.3,-11214.4,0,0.465982,-1.87236,0
-37250.7,-11401.7,0,0.491147,-1.86479,0
-37201.6,-11588.2,0,0.516262,-1.85711,0
-37150,-11773.9,0,0.541328,-1.8493,0
-37095.9,-11958.8,0,0.566347,-1.84137,0
-37039.2,-12142.9,0,0.59132,-1.83332,0
-36980.1,-12326.3,0,0.61625,-1.82515,0
-36918.5,-12508.8,0,0.641137,-1.81685,0
-36854.4,-12690.5,0,0.665982,-1.80843,0
-36787.8,-12871.3,0,0.690789,-1.79989,0
-36718.7,-13051.3,0,0.715557,-1.79123,0
-36647.1,-13230.4,0,0.740289,-1.78243,0
-36573.1,-13408.7,0,0.764987,-1.77352,0
-36496.6,-13586,0,0.78965,-1.76448,0
-36417.6,-13762.5,0,0.814282,-1.75531,0
-36336.2,-13938,0,0.838882,-1.74601,0
-36252.3,-14112.6,0,0.863454,-1.73658,0
-36166,-14286.3,0,0.887998,-1.72703,0
-36077.2,-14459,0,0.912516,-1.71735,0
-35985.9,-14630.7,0,0.937008,-1.70753,0
-35892.2,-14801.4,0,0.961477,-1.69758,0
-35796.1,-14971.2,0,0.985924,-1.6875,0
-35697.5,-15139.9,0,1.01035,-1.67728,0
-35596.4,-15307.7,0,1.03476,-1.66693,0
-35493,-15474.4,0,1.05915,-1.65644,0
-35387.1,-15640,0,1.08352,-1.64582,0
-35278.7,-15804.6,0,1.10787,-1.63505,0
-35167.9,-15968.1,0,1.13222,-1.62415,0
-35054.7,-16130.5,0,1.15655,-1.6131,0
-34939,-16291.8,0,1.18086,-1.60191,0
-34821,-16452,0,1.20517,-1.59058,0
-34700.4,-16611.1,0,1.22947,-1.5791,0
-34577.5,-16769,0,1.25376,-1.56747,0
-34452.1,-16925.7,0,1.27805,-1.55569,0
-34324.3,-17081.3,0,1.30233,-1.54376,0
-34194.1,-17235.7,0,1.32661,-1.53168,0
-34061.4,-17388.8,0,1.35088,-1.51944,0
-33926.3,-17540.8,0,1.37515,-1.50705,0
-33788.8,-17691.5,0,1.39943,-1.4945,0
-33648.9,-17840.9,0,1.4237,-1.48179,0
-33506.5,-17989.1,0,1.44798,-1.46892,0
-33361.7,-18136,0,1.47226,-1.45588,0
-33214.5,-18281.6,0,1.49655,-1.44268,0
-33064.8,-18425.9,0,1.52084,-1.42931,0
-32912.7,-18568.8,0,1.54514,-1.41577,0
-32758.2,-18710.4,0,1.56945,-1.40205,0
-32601.3,-18850.6,0,1.59377,-1.38816,0
-32441.9,-18989.4,0,1.61811,-1.37409,0
-32280.1,-19126.8,0,1.64245,-1.35984,0
-32115.8,-19262.8,0,1.66681,-1.34541,0
-31949.2,-19397.3,0,1.69118,-1.33079,0
-31780,-19530.4,0,1.71557,-1.31598,0
-31608.5,-19662,0,1.73998,-1.30098,0
-31434.5,-19792.1,0,1.7644,-1.28579,0
-31258.1,-19920.7,0,1.78885,-1.2704,0
-31079.2,-20047.7,0,1.81331,-1.25481,0
-30897.8,-20173.2,0,1.8378,-1.23901,0
-30714.1,-20297.1,0,1.86231,-1.22301,0
-30527.8,-20419.4,0,1.88685,-1.20679,0
-30339.1,-20540.1,0,1.91141,-1.19036,0
-30148,-20659.1,0,1.936,-1.17372,0
-29954.4,-20776.5,0,1.96062,-1.15685,0
-29758.3,-20892.2,0,1.98526,-1.13975,0
-29559.8,-21006.2,0,2.00994,-1.12243,0
-29358.8,-21118.4,0,2.03465,-1.10487,0
-29155.3,-21228.9,0,2.05939,-1.08707,0
-28949.4,-21337.6,0,2.08416,-1.06904,0
-28741,-21444.5,0,2.10897,-1.05075,0
-28530.1,-21549.6,0,2.13381,-1.03221,0
-28316.7,-21652.8,0,2.15869,-1.01342,0
-28100.8,-21754.1,0,2.18361,-0.994366,0
-27882.5,-21853.6,0,2.20857,-0.975045,0
-27661.6,-21951.1,0,2.23357,-0.955452,0
-27438.3,-22046.6,0,2.25861,-0.935583,0
-27212.4,-22140.2,0,2.28369,-0.915431,0
-26984,-22231.7,0,2.30881,-0.894991,0
-26753.2,-22321.2,0,2.33398,-0.874256,0
-26519.8,-22408.7,0,2.35919,-0.853221,0
-26283.8,-22494,0,2.38445,-0.831879,0
-26045.4,-22577.2,0,2.40975,-0.810224,0
-25804.4,-22658.2,0,2.4351,-0.788249,0
-25560.9,-22737,0,2.4605,-0.765947,0
-25314.9,-22813.6,0,2.48595,-0.74331,0
-25066.3,-22887.9,0,2.51145,-0.720332,0
-24815.1,-22960,0,2.53699,-0.697005,0
-24561.4,-23029.7,0,2.56259,-0.67332,0
-24305.2,-23097,0,2.58824,-0.64927,0
-24046.3,-23161.9,0,2.61394,-0.624846,0
-23784.9,-23224.4,0,2.6397,-0.600039,0
-23521,-23284.4,0,2.6655,-0.57484,0
-23254.4,-23341.9,0,2.69136,-0.54924,0
-22985.3,-23396.8,0,2.71728,-0.523228,0
-22713.6,-23449.1,0,2.74325,-0.496796,0
-22439.2,-23498.8,0,2.76927,-0.469932,0
-22162.3,-23545.8,0,2.79534,-0.442626,0
-21882.8,-23590.1,0,2.82147,-0.414866,0
-21600.6,-23631.6,0,2.84765,-0.386641,0
-21315.9,-23670.2,0,2.87389,-0.357938,0
-21028.5,-23706,0,2.90018,-0.328746,0
-20738.5,-23738.9,0,2.92652,-0.299051,0
-20445.8,-23768.8,0,2.95291,-0.26884,0
-20150.5,-23795.7,0,2.97935,-0.238098,0
-19852.6,-23819.5,0,3.00585,-0.206812,0
-19552,-23840.2,0,3.03239,-0.174967,0
-19248.8,-23857.7,0,3.05898,-0.142546,0
-18942.9,-23871.9,0,3.08561,-0.109533,0
-18634.3,-23882.9,0,3.11229,-0.075912,0
-18323.1,-23890.5,0,3.13901,-0.041665,0
-18009.2,-23894.6,0,3.16577,-0.00677362,0
-17692.6,-23895.3,0,3.19257,0.028781,0
-17373.3,-23892.4,0,3.2194,0.0650188,0
-17051.4,-23885.9,0,3.24627,0.10196,0
-16726.8,-23875.7,0,3.27315,0.139627,0
-16399.4,-23861.8,0,3.30007,0.178041,0
-16069.4,-23844,0,3.327,0.217226,0
-15736.7,-23822.3,0,3.35394,0.257206,0
-15401.3,-23796.5,0,3.38089,0.298007,0
-15063.3,-23766.7,0,3.40785,0.339655,0
-14722.5,-23732.8,0,3.4348,0.382177,0
-14379,-23694.6,0,3.46174,0.425603,0
-14032.8,-23652,0,3.48866,0.469962,0
-13684,-23605,0,3.51555,0.515287,0
-13332.4,-23553.5,0,3.5424,0.561609,0
-12978.2,-23497.3,0,3.56921,0.608964,0
-12621.2,-23436.4,0,3.59595,0.657387,0
-12261.6,-23370.7,0,3.62263,0.706916,0
-11899.4,-23300,0,3.64921,0.757591,0
-11534.5,-23224.2,0,3.6757,0.809453,0
-11166.9,-23143.3,0,3.70207,0.862545,0
-10796.7,-23057,0,3.7283,0.916913,0
-10423.9,-22965.3,0,3.75438,0.972603,0
-10048.4,-22868.1,0,3.78028,1.02967,0
-9670.39,-22765.1,0,3.80598,1.08816,0
-9289.79,-22656.3,0,3.83145,1.14813,0
-8906.65,-22541.5,0,3.85667,1.20963,0
-8520.98,-22420.5,0,3.88161,1.27274,0
-8132.82,-22293.2,0,3.90622,1.33751,0
-7742.2,-22159.5,0,3.93048,1.404,0
-7349.15,-22019.1,0,3.95434,1.4723,0
-6953.71,-21871.9,0,3.97776,1.54246,0
-6555.94,-21717.6,0,4.00069,1.61458,0
-6155.87,-21556.2,0,4.02307,1.68873,0
-5753.56,-21387.3,0,4.04485,1.76499,0
-5349.08,-21210.8,0,4.06596,1.84346,0
-4942.48,-21026.4,0,4.08633,1.92424,0
-4533.85,-20834,0,4.10588,2.00741,0
-4123.26,-20633.3,0,4.12453,2.09308,0
-3710.81,-20424,0,4.14217,2.18137,0
-3296.59,-20205.8,0,4.1587,2.27238,0
-2880.72,-19978.6,0,4.17402,2.36624,0
-2463.32,-19742,0,4.18798,2.46307,0
-2044.52,-19495.7,0,4.20045,2.56299,0
-1624.47,-19239.4,0,4.21127,2.66616,0
-1203.35,-18972.7,0,4.22026,2.7727,0
-781.32,-18695.5,0,4.22724,2.88277,0
-358.596,-18407.2,0,4.232,2.99652,0
64.6037,-18107.5,0,4.23429,3.11409,0
488.033,-17796.1,0,4.23385,3.23566,0
911.418,-17472.6,0,4.23041,3.36137,0
1334.46,-17136.4,0,4.22362,3.49141,0
1756.82,-16787.3,0,4.21315,3.62592,0
2178.14,-16424.7,0,4.19859,3.76507,0
2597.99,-16048.2,0,4.1795,3.90901,0
3015.94,-15657.3,0,4.1554,4.05789,0
3431.48,-15251.5,0,4.12574,4.21183,0
3844.06,-14830.3,0,4.08994,4.37096,0
4253.05,-14393.2,0,4.04733,4.53535,0
4657.79,-13939.7,0,3.99719,4.70505,0
5057.5,-13469.2,0,3.93871,4.88007,0
5451.37,-12981.2,0,3.87101,5.06034,0
5838.48,-12475.1,0,3.79316,5.24574,0
6217.79,-11950.6,0,3.7041,5.43603,0
6588.2,-11407,0,3.60272,5.63088,0
6948.47,-10843.9,0,3.48784,5.8298,0
7297.26,-10260.9,0,3.35819,6.03213,0
7633.08,-9657.68,0,3.21247,6.23703,0
7954.32,-9033.98,0,3.04936,6.44339,0
8259.26,-8389.64,0,2.86756,6.64988,0
8546.02,-7724.65,0,2.6658,6.85482,0
8812.6,-7039.17,0,2.44297,7.05623,0
9056.89,-6333.54,0,2.19815,7.25179,0
9276.71,-5608.37,0,1.93071,7.43881,0
9469.78,-4864.48,0,1.64044,7.6143,0
9633.82,-4103.05,0,1.32761,7.77499,0
9766.58,-3325.56,0,0.993145,7.91744,0
9865.9,-2533.81,0,0.638667,8.03814,0
9929.77,-1730,0,0.266573,8.13371,0
9956.42,-916.627,0,-0.119954,8.20105,0
9944.43,-96.522,0,-0.516992,8.2376,0
9892.73,727.238,0,-0.920003,8.24151,0
9800.73,1551.39,0,-1.32401,8.21181,0
9668.33,2372.57,0,-1.72387,8.14852,0
9495.94,3187.42,0,-2.11447,8.05266,0
9284.49,3992.69,0,-2.4911,7.92625,0
9035.38,4785.31,0,-2.84959,7.77208,0
8750.42,5562.52,0,-3.18655,7.59362,0
8431.77,6321.88,0,-3.49944,7.39472,0
8081.82,7061.36,0,-3.78659,7.17942,0
7703.16,7779.3,0,-4.0472,6.95172,0
7298.44,8474.47,0,-4.2812,6.71541,0
6870.32,9146.01,0,-4.48915,6.47395,0
6421.41,9793.41,0,-4.67211,6.23039,0
5954.2,10416.4,0,-4.83148,5.98734,0
5471.05,11015.2,0,-4.96889,5.74695,0
4974.16,11589.9,0,-5.0861,5.51095,0
4465.55,12141,0,-5.18493,5.28067,0
3947.06,12669,0,-5.26716,5.05712,0
3420.34,13174.7,0,-5.33449,4.841,0
2886.89,13658.8,0,-5.38855,4.63276,0
2348.04,14122.1,0,-5.43084,4.43266,0
1804.95,14565.4,0,-5.46274,4.24081,0
1258.68,14989.5,0,-5.4855,4.05717,0
710.129,15395.2,0,-5.50024,3.88162,0
160.104,15783.3,0,-5.50797,3.71398,0
-390.693,16154.7,0,-5.5096,3.554,0
-941.653,16510.1,0,-5.50591,3.4014,0
-1492.24,16850.3,0,-5.49761,3.25588,0
-2042,17175.9,0,-5.48532,3.11713,0
-2590.54,17487.6,0,-5.46959,2.98483,0
-3137.49,17786.1,0,-5.4509,2.85867,0
-3682.58,18071.9,0,-5.42967,2.73833,0
-4225.55,18345.8,0,-5.40627,2.6235,0
-4766.18,18608.1,0,-5.38103,2.51391,0
-5304.28,18859.5,0,-5.35423,2.40926,0
-5839.71,19100.4,0,-5.32611,2.30929,0
-6372.32,19331.4,0,-5.2969,2.21373,0
-6902.01,19552.7,0,-5.26678,2.12236,0
-7428.68,19765,0,-5.23592,2.03494,0
-7952.28,19968.5,0,-5.20446,1.95125,0
-8472.72,20163.6,0,-5.17254,1.87109,0
-8989.98,20350.7,0,-5.14026,1.79427,0
-9504,20530.1,0,-5.10772,1.72061,0
-10014.8,20702.2,0,-5.075,1.64994,0
-10522.3,20867.2,0,-5.04218,1.58209,0
-11026.5,21025.4,0,-5.00932,1.51692,0
-11527.4,21177.1,0,-4.97648,1.4543,0
-12025.1,21322.5,0,-4.9437,1.39407,0
-12519.4,21461.9,0,-4.91102,1.33614,0
-13010.5,21595.5,0,-4.87849,1.28037,0
-13498.4,21723.6,0,-4.84613,1.22665,0
-13983,21846.2,0,-4.81397,1.17489,0
-14464.4,21963.7,0,-4.78203,1.12499,0
-14942.6,22076.2,0,-4.75033,1.07686,0
-15417.6,22183.9,0,-4.71889,1.03041,0
-15889.5,22287,0,-4.68772,0.985564,0
-16358.3,22385.5,0,-4.65683,0.942242,0
-16824,22479.7,0,-4.62624,0.900376,0
-17286.6,22569.8,0,-4.59595,0.859898,0
-17746.2,22655.8,0,-4.56596,0.820744,0
-18202.8,22737.8,0,-4.53628,0.782856,0
-18656.4,22816.1,0,-4.50692,0.746176,0
-19107.1,22890.7,0,-4.47787,0.710653,0
-19554.9,22961.8,0,-4.44914,0.676234,0
-19999.8,23029.4,0,-4.42073,0.642873,0
-20441.9,23093.7,0,-4.39264,0.610524,0
-20881.2,23154.8,0,-4.36486,0.579146,0
-21317.6,23212.7,0,-4.3374,0.548697,0
-21751.4,23267.6,0,-4.31026,0.51914,0
-22182.4,23319.5,0,-4.28343,0.490439,0
-22610.7,23368.5,0,-4.25691,0.462558,0
-23036.4,23414.8,0,-4.23069,0.435465,0
-23459.5,23458.3,0,-4.20478,0.40913,0
-23880,23499.2,0,-4.17917,0.383522,0
-24297.9,23537.6,0,-4.15386,0.358615,0
-24713.3,23573.4,0,-4.12884,0.334381,0
-25126.2,23606.9,0,-4.10412,0.310795,0
-25536.6,23638,0,-4.07968,0.287832,0
-25944.6,23666.7,0,-4.05552,0.265471,0
-26350.1,23693.3,0,-4.03164,0.243688,0
-26753.3,23717.7,0,-4.00804,0.222464,0
-27154.1,23739.9,0,-3.9847,0.201778,0
-27552.5,23760.1,0,-3.96164,0.181611,0
-27948.7,23778.2,0,-3.93883,0.161945,0
-28342.6,23794.4,0,-3.91629,0.142763,0
-28734.2,23808.7,0,-3.89399,0.124049,0
-29123.6,23821.1,0,-3.87195,0.105786,0
-29510.8,23831.7,0,-3.85016,0.0879589,0
-29895.8,23840.5,0,-3.8286,0.0705539,0
-30278.7,23847.5,0,-3.80729,0.0535568,0
-30659.4,23852.9,0,-3.78621,0.0369545,0
-31038,23856.6,0,-3.76536,0.0207341,0
-31414.6,23858.7,0,-3.74474,0.00488344,0
-31789.1,23859.2,0,-3.72434,-0.0106091,0
-32161.5,23858.1,0,-3.70416,-0.0257547,0
-32531.9,23855.5,0,-3.6842,-0.0405643,0
-32900.3,23851.5,0,-3.66445,-0.055048,0
-33266.8,23846,0,-3.6449,-0.0692159,0
-33631.3,23839,0,-3.62557,-0.0830774,0
-33993.8,23830.7,0,-3.60643,-0.0966417,0
-34354.5,23821.1,0,-3.58749,-0.109918,0
-34713.2,23810.1,0,-3.56875,-0.122914,0
-35070.1,23797.8,0,-3.5502,-0.135638,0
-35425.1,23784.2,0,-3.53184,-0.148098,0
-35778.3,23769.4,0,-3.51366,-0.160302,0
-36129.6,23753.4,0,-3.49566,-0.172256,0
-36479.2,23736.2,0,-3.47785,-0.183969,0
-36827,23717.8,0,-3.46021,-0.195446,0
-37173,23698.2,0,-3.44275,-0.206694,0
-37517.3,23677.5,0,-3.42545,-0.217719,0
-37859.8,23655.8,0,-3.40832,-0.228528,0
-38200.7,23632.9,0,-3.39136,-0.239126,0
-38539.8,23609,0,-3.37456,-0.249519,0
-38877.3,23584.1,0,-3.35792,-0.259712,0
-39213.1,23558.1,0,-3.34144,-0.269711,0
-39547.2,23531.1,0,-3.32511,-0.27952,0
-39879.7,23503.2,0,-3.30894,-0.289145,0
-40210.6,23474.2,0,-3.29291,-0.29859,0
-40539.9,23444.4,0,-3.27703,-0.307859,0
-40867.6,23413.6,0,-3.2613,-0.316958,0
-41193.7,23381.9,0,-3.24571,-0.32589,0
-41518.3,23349.3,0,-3.23026,-0.33466,0
-41841.3,23315.9,0,-3.21495,-0.343271,0
-42162.8,23281.5,0,-3.19977,-0.351728,0
-42482.8,23246.4,0,-3.18473,-0.360034,0
-42801.3,23210.4,0,-3.16982,-0.368193,0
-43118.3,23173.5,0,-3.15504,-0.376208,0
-43433.8,23135.9,0,-3.14039,-0.384083,0
-43747.8,23097.5,0,-3.12586,-0.391821,0
-44060.4,23058.3,0,-3.11146,-0.399425,0
-44371.5,23018.4,0,-3.09718,-0.406899,0
-44681.2,22977.7,0,-3.08302,-0.414245,0
-44989.5,22936.3,0,-3.06897,-0.421466,0
-45296.4,22894.1,0,-3.05505,-0.428565,0
-45602,22851.3,0,-3.04124,-0.435545,0
-45906.1,22807.7,0,-3.02754,-0.442409,0
-46208.8,22763.5,0,-3.01395,-0.449159,0
-46510.2,22718.5,0,-3.00048,-0.455797,0
-46810.3,22673,0,-2.98711,-0.462327,0
-47109,22626.7,0,-2.97385,-0.46875,0
-47406.4,22579.9,0,-2.9607,-0.475068,0
-47702.4,22532.4,0,-2.94764,-0.481285,0
-47997.2,22484.2,0,-2.93469,-0.487402,0
-48290.7,22435.5,0,-2.92185,-0.493421,0
-48582.9,22386.1,0,-2.9091,-0.499344,0
-48873.8,22336.2,0,-2.89644,-0.505173,0
-49163.4,22285.7,0,-2.88389,-0.510911,0
-49451.8,22234.6,0,-2.87143,-0.516559,0
-49738.9,22182.9,0,-2.85906,-0.522119,0
-50024.8,22130.7,0,-2.84679,-0.527593,0
-50309.5,22078,0,-2.83461,-0.532983,0
-50593,22024.7,0,-2.82252,-0.538289,0
-50875.2,21970.8,0,-2.81051,-0.543515,0
-51156.3,21916.5,0,-2.7986,-0.54866,0
-51436.2,21861.6,0,-2.78677,-0.553728,0
-51714.8,21806.3,0,-2.77502,-0.55872,0
-51992.3,21750.4,0,-2.76336,-0.563637,0
-52268.7,21694,0,-2.75179,-0.56848,0
-52543.8,21637.2,0,-2.74029,-0.573251,0
-52817.9,21579.8,0,-2.72888,-0.577951,0
-53090.8,21522.1,0,-2.71754,-0.582582,0
-53362.5,21463.8,0,-2.70629,-0.587145,0
-53633.1,21405.1,0,-2.69511,-0.591641,0
-53902.7,21345.9,0,-2.68401,-0.596072,0
-54171.1,21286.3,0,-2.67298,-0.600438,0
-54438.4,21226.3,0,-2.66203,-0.604742,0
-54704.6,21165.8,0,-2.65115,-0.608983,0
-54969.7,21104.9,0,-2.64035,-0.613163,0
-55233.7,21043.6,0,-2.62961,-0.617284,0
-55496.7,20981.8,0,-2.61895,-0.621346,0
-55758.6,20919.7,0,-2.60836,-0.625351,0
-56019.4,20857.2,0,-2.59784,-0.629299,0
-56279.2,20794.2,0,-2.58738,-0.633191,0
-56537.9,20730.9,0,-2.577,-0.637029,0
-56795.6,20667.2,0,-2.56668,-0.640813,0
-57052.3,20603.1,0,-2.55642,-0.644544,0
-57307.9,20538.7,0,-2.54623,-0.648224,0
-57562.6,20473.9,0,-2.53611,-0.651852,0
-57816.2,20408.7,0,-2.52605,-0.655431,0
-58068.8,20343.1,0,-2.51605,-0.65896,0
-58320.4,20277.2,0,-2.50611,-0.662441,0
-58571,20211,0,-2.49624,-0.665875,0
-58820.6,20144.4,0,-2.48642,-0.669262,0
-59069.3,20077.5,0,-2.47667,-0.672603,0
-59316.9,20010.2,0,-2.46697,-0.675898,0
-59563.6,19942.6,0,-2.45733,-0.679149,0
-59809.4,19874.7,0,-2.44775,-0.682357,0
-60054.1,19806.5,0,-2.43823,-0.685521,0
-60297.9,19737.9,0,-2.42876,-0.688643,0
-60540.8,19669.1,0,-2.41935,-0.691724,0
-60782.8,19599.9,0,-2.41,-0.694763,0
-61023.8,19530.4,0,-2.4007,-0.697763,0
-61263.8,19460.6,0,-2.39145,-0.700722,0
-61503,19390.6,0,-2.38226,-0.703643,0
-61741.2,19320.2,0,-2.37311,-0.706525,0
-61978.5,19249.6,0,-2.36402,-0.709369,0
-62214.9,19178.6,0,-2.35499,-0.712176,0
-62450.4,19107.4,0,-2.346,-0.714946,0
-62685,19035.9,0,-2.33706,-0.717681,0
-62918.7,18964.1,0,-2.32818,-0.720379,0
-63151.5,18892.1,0,-2.31934,-0.723043,0
-63383.5,18819.8,0,-2.31055,-0.725672,0
-63614.5,18747.2,0,-2.30181,-0.728268,0
-63844.7,18674.4,0,-2.29312,-0.730829,0
-64074,18601.3,0,-2.28447,-0.733358,0
-64302.5,18528,0,-2.27587,-0.735855,0
-64530.1,18454.4,0,-2.26732,-0.738319,0
-64756.8,18380.6,0,-2.25881,-0.740752,0
-64982.7,18306.5,0,-2.25035,-0.743154,0
-65207.7,18232.2,0,-2.24193,-0.745526,0
-65431.9,18157.6,0,-2.23356,-0.747867,0
-65655.2,18082.8,0,-2.22523,-0.750178,0
-65877.8,18007.8,0,-2.21694,-0.752461,0
-66099.5,17932.6,0,-2.2087,-0.754714,0
-66320.3,17857.1,0,-2.2005,-0.756939,0
-66540.4,17781.4,0,-2.19234,-0.759136,0
-66759.6,17705.5,0,-2.18422,-0.761305,0
-66978,17629.4,0,-2.17614,-0.763447,0
-67195.7,17553,0,-2.16811,-0.765562,0
-67412.5,17476.5,0,-2.16011,-0.767651,0
-67628.5,17399.7,0,-2.15216,-0.769713,0
-67843.7,17322.7,0,-2.14424,-0.77175,0
-68058.1,17245.5,0,-2.13636,-0.773761,0
-68271.8,17168.2,0,-2.12852,-0.775748,0
-68484.6,17090.6,0,-2.12072,-0.777709,0
-68696.7,17012.8,0,-2.11296,-0.779646,0
-68908,16934.9,0,-2.10524,-0.781559,0
-69118.5,16856.7,0,-2.09755,-0.783449,0
-69328.3,16778.4,0,-2.0899,-0.785315,0
-69537.2,16699.8,0,-2.08228,-0.787157,0
-69745.5,16621.1,0,-2.0747,-0.788977,0
-69952.9,16542.2,0,-2.06716,-0.790775,0
-70159.7,16463.1,0,-2.05965,-0.79255,0
-70365.6,16383.9,0,-2.05218,-0.794304,0
-70570.8,16304.5,0,-2.04475,-0.796035,0
-70775.3,16224.9,0,-2.03734,-0.797746,0
-70979,16145.1,0,-2.02997,-0.799435,0
-71182,16065.1,0,-2.02264,-0.801103,0
-71384.3,15985,0,-2.01534,-0.802751,0
-71585.8,15904.7,0,-2.00807,-0.804379,0
-71786.7,15824.3,0,-2.00083,-0.805987,0
-71986.7,15743.7,0,-1.99363,-0.807575,0
-72186.1,15663,0,-1.98646,-0.809143,0
-72384.7,15582,0,-1.97932,-0.810692,0
-72582.7,15501,0,-1.97221,-0.812222,0
-72779.9,15419.7,0,-1.96513,-0.813733,0
-72976.4,15338.4,0,-1.95809,-0.815226,0
-73172.2,15256.9,0,-1.95107,-0.816701,0
-73367.3,15175.2,0,-1.94409,-0.818157,0
-73561.7,15093.4,0,-1.93713,-0.819595,0
-73755.4,15011.4,0,-1.93021,-0.821016,0
-73948.5,14929.3,0,-1.92332,-0.822419,0
-74140.8,14847.1,0,-1.91645,-0.823805,0
-74332.4,14764.7,0,-1.90961,-0.825174,0
-74523.4,14682.2,0,-1.90281,-0.826526,0
-74713.7,14599.5,0,-1.89603,-0.827862,0
-74903.3,14516.7,0,-1.88928,-0.829181,0
-75092.2,14433.8,0,-1.88256,-0.830484,0
-75280.5,14350.8,0,-1.87586,-0.83177,0
-75468.1,14267.6,0,-1.86919,-0.833041,0
-75655,14184.3,0,-1.86256,-0.834297,0
-75841.2,14100.8,0,-1.85594,-0.835536,0
-76026.8,14017.3,0,-1.84936,-0.836761,0
-76211.8,13933.6,0,-1.8428,-0.83797,0
-76396,13849.8,0,-1.83627,-0.839164,0
-76579.7,13765.9,0,-1.82976,-0.840344,0
-76762.6,13681.9,0,-1.82328,-0.841509,0
-76945,13597.7,0,-1.81682,-0.842659,0
-77126.7,13513.5,0,-1.8104,-0.843795,0
-77307.7,13429.1,0,-1.80399,-0.844917,0
-77488.1,13344.6,0,-1.79761,-0.846025,0
-77667.9,13260,0,-1.79126,-0.847119,0
-77847,13175.3,0,-1.78493,-0.8482,0
-78025.5,13090.4,0,-1.77863,-0.849267,0
-78203.3,13005.5,0,-1.77235,-0.850321,0
-78380.6,12920.5,0,-1.76609,-0.851361,0
-78557.2,12835.4,0,-1.75986,-0.852388,0
-78733.2,12750.1,0,-1.75365,-0.853403,0
-78908.5,12664.8,0,-1.74746,-0.854405,0
-79083.3,12579.3,0,-1.7413,-0.855394,0
-79257.4,12493.8,0,-1.73516,-0.85637,0
-79430.9,12408.2,0,-1.72905,-0.857334,0
-79603.8,12322.4,0,-1.72295,-0.858286,0
-79776.1,12236.6,0,-1.71688,-0.859226,0
-79947.8,12150.7,0,-1.71083,-0.860153,0
-80118.9,12064.7,0,-1.70481,-0.861069,0
-80289.4,11978.6,0,-1.6988,-0.861973,0
-80459.3,11892.4,0,-1.69282,-0.862866,0
-80628.5,11806.1,0,-1.68686,-0.863747,0
-80797.2,11719.7,0,-1.68092,-0.864617,0
-80965.3,11633.2,0,-1.675,-0.865475,0
-81132.8,11546.7,0,-1.66911,-0.866322,0
-81299.7,11460.1,0,-1.66323,-0.867159,0
-81466.1,11373.3,0,-1.65737,-0.867984,0
-81631.8,11286.5,0,-1.65154,-0.868799,0
-81796.9,11199.7,0,-1.64573,-0.869602,0
-81961.5,11112.7,0,-1.63993,-0.870396,0
-82125.5,11025.7,0,-1.63416,-0.871179,0
-82288.9,10938.5,0,-1.6284,-0.871951,0
-82451.8,10851.3,0,-1.62267,-0.872713,0
-82614,10764.1,0,-1.61696,-0.873465,0
-82775.7,10676.7,0,-1.61126,-0.874207,0
-82936.9,10589.3,0,-1.60559,-0.874939,0
-83097.4,10501.8,0,-1.59993,-0.875661,0
-83257.4,10414.2,0,-1.59429,-0.876374,0
-83416.8,10326.6,0,-1.58868,-0.877076,0
-83575.7,10238.9,0,-1.58308,-0.87777,0
-83734,10151.1,0,-1.5775,-0.878453,0
-83891.8,10063.3,0,-1.57193,-0.879128,0
-84049,9975.37,0,-1.56639,-0.879793,0
-84205.6,9887.39,0,-1.56087,-0.880448,0
-84361.7,9799.34,0,-1.55536,-0.881095,0
-84517.2,9711.23,0,-1.54987,-0.881733,0
-84672.2,9623.06,0,-1.5444,-0.882361,0
-84826.6,9534.82,0,-1.53894,-0.882981,0
-84980.5,9446.52,0,-1.53351,-0.883592,0
-85133.9,9358.17,0,-1.52809,-0.884195,0
-85286.7,9269.75,0,-1.52269,-0.884788,0
-85439,9181.27,0,-1.5173,-0.885373,0
-85590.7,9092.73,0,-1.51194,-0.88595,0
-85741.9,9004.13,0,-1.50659,-0.886519,0
-85892.5,8915.48,0,-1.50125,-0.887079,0
-86042.7,8826.77,0,-1.49594,-0.887631,0
-86192.3,8738.01,0,-1.49064,-0.888174,0
-86341.3,8649.19,0,-1.48535,-0.88871,0
-86489.9,8560.32,0,-1.48008,-0.889238,0
-86637.9,8471.4,0,-1.47483,-0.889757,0
-86785.4,8382.42,0,-1.4696,-0.890269,0
-86932.3,8293.4,0,-1.46438,-0.890773,0
-87078.8,8204.32,0,-1.45918,-0.89127,0
-87224.7,8115.19,0,-1.45399,-0.891758,0
-87370.1,8026.02,0,-1.44882,-0.89224,0
-87515,7936.79,0,-1.44366,-0.892713,0
-87659.3,7847.52,0,-1.43852,-0.89318,0
-87803.2,7758.2,0,-1.43339,-0.893638,0
-87946.5,7668.84,0,-1.42828,-0.89409,0
-88089.3,7579.43,0,-1.42319,-0.894534,0
-88231.7,7489.98,0,-1.41811,-0.894971,0
-88373.5,7400.48,0,-1.41304,-0.895401,0
-88514.8,7310.94,0,-1.40799,-0.895824,0
-88655.6,7221.36,0,-1.40296,-0.89624,0
-88795.9,7131.73,0,-1.39793,-0.896649,0
-88935.7,7042.07,0,-1.39293,-0.897051,0
-89075,6952.36,0,-1.38794,-0.897447,0
-89213.7,6862.62,0,-1.38296,-0.897835,0
-89352,6772.84,0,-1.37799,-0.898217,0
-89489.8,6683.01,0,-1.37304,-0.898592,0
-89627.1,6593.15,0,-1.36811,-0.898961,0
-89764,6503.26,0,-1.36319,-0.899323,0
-89900.3,6413.33,0,-1.35828,-0.899679,0
-90036.1,6323.36,0,-1.35338,-0.900028,0
-90171.4,6233.36,0,-1.3485,-0.900371,0
-90306.3,6143.32,0,-1.34363,-0.900707,0
-90440.7,6053.25,0,-1.33878,-0.901037,0
-90574.5,5963.14,0,-1.33394,-0.901361,0
-90707.9,5873.01,0,-1.32911,-0.901679,0
-90840.8,5782.84,0,-1.3243,-0.901991,0
-90973.3,5692.64,0,-1.3195,-0.902296,0
-91105.2,5602.41,0,-1.31471,-0.902596,0
-91236.7,5512.15,0,-1.30993,-0.90289,0
-91367.7,5421.86,0,-1.30517,-0.903177,0
-91498.2,5331.54,0,-1.30042,-0.903459,0
-91628.2,5241.2,0,-1.29569,-0.903735,0
-91757.8,5150.83,0,-1.29096,-0.904005,0
-91886.9,5060.42,0,-1.28625,-0.90427,0
-92015.5,4970,0,-1.28155,-0.904529,0
-92143.7,4879.55,0,-1.27686,-0.904782,0
-92271.4,4789.07,0,-1.27219,-0.905029,0
-92398.6,4698.56,0,-1.26752,-0.905271,0
-92525.3,4608.04,0,-1.26287,-0.905508,0
-92651.6,4517.49,0,-1.25823,-0.905739,0
-92777.5,4426.91,0,-1.25361,-0.905965,0
-92902.8,4336.32,0,-1.24899,-0.906185,0
-93027.7,4245.7,0,-1.24439,-0.9064,0
-93152.2,4155.06,0,-1.2398,-0.906609,0
-93276.1,4064.4,0,-1.23522,-0.906814,0
-93399.7,3973.71,0,-1.23065,-0.907013,0
-93522.7,3883.01,0,-1.22609,-0.907206,0
-93645.3,3792.29,0,-1.22155,-0.907395,0
-93767.5,3701.55,0,-1.21701,-0.907579,0
-93889.2,3610.8,0,-1.21249,-0.907757,0
-94010.4,3520.02,0,-1.20798,-0.907931,0
-94131.2,3429.23,0,-1.20348,-0.908099,0
-94251.6,3338.42,0,-1.19899,-0.908263,0
-94371.5,3247.59,0,-1.19451,-0.908422,0
-94490.9,3156.75,0,-1.19004,-0.908575,0
-94609.9,3065.89,0,-1.18559,-0.908724,0
-94728.5,2975.02,0,-1.18114,-0.908868,0
-94846.6,2884.13,0,-1.1767,-0.909008,0
-94964.3,2793.23,0,-1.17228,-0.909142,0
-95081.5,2702.32,0,-1.16786,-0.909272,0
-95198.3,2611.39,0,-1.16346,-0.909397,0
-95314.6,2520.45,0,-1.15907,-0.909518,0
-95430.5,2429.5,0,-1.15468,-0.909634,0
-95546,2338.53,0,-1.15031,-0.909745,0
-95661,2247.56,0,-1.14595,-0.909852,0
-95775.6,2156.57,0,-1.1416,-0.909954,0
-95889.8,2065.58,0,-1.13726,-0.910052,0
-96003.5,1974.57,0,-1.13292,-0.910145,0
-96116.8,1883.56,0,-1.1286,-0.910234,0
-96229.7,1792.54,0,-1.12429,-0.910318,0
-96342.1,1701.5,0,-1.11999,-0.910399,0
-96454.1,1610.46,0,-1.11569,-0.910474,0
-96565.7,1519.42,0,-1.11141,-0.910546,0
-96676.8,1428.36,0,-1.10714,-0.910613,0
-96787.5,1337.3,0,-1.10288,-0.910676,0
-96897.8,1246.23,0,-1.09862,-0.910735,0
-97007.7,1155.16,0,-1.09438,-0.910789,0
-97117.1,1064.08,0,-1.09014,-0.91084,0
-97226.1,972.997,0,-1.08592,-0.910886,0
-97334.7,881.909,0,-1.0817,-0.910928,0
-97442.9,790.816,0,-1.07749,-0.910966,0
-97550.6,699.719,0,-1.0733,-0.911001,0
-97658,608.619,0,-1.06911,-0.911031,0
-97764.9,517.516,0,-1.06493,-0.911057,0
-97871.4,426.411,0,-1.06076,-0.911079,0
-97977.5,335.303,0,-1.0566,-0.911097,0
-98083.1,244.193,0,-1.05245,-0.911111,0
-98188.4,153.082,0,-1.0483,-0.911121,0
-98293.2,61.9698,0,-1.04417,-0.911128,0
-98397.6,-29.143,0,-1.04004,-0.91113,0
-98501.6,-120.256,0,-1.03593,-0.911129,0
-98605.2,-211.369,0,-1.03182,-0.911124,0
-98708.4,-302.481,0,-1.02772,-0.911115,0
-98811.2,-393.593,0,-1.02363,-0.911103,0
-98913.5,-484.703,0,-1.01954,-0.911087,0
-99015.5,-575.812,0,-1.01547,-0.911067,0
-99117,-666.918,0,-1.01141,-0.911043,0
-99218.2,-758.023,0,-1.00735,-0.911016,0
-99318.9,-849.124,0,-1.0033,-0.910985,0
-99419.2,-940.223,0,-0.999259,-0.91095,0
-99519.1,-1031.32,0,-0.995227,-0.910912,0
-99618.7,-1122.41,0,-0.991203,-0.91087,0
-99717.8,-1213.5,0,-0.987187,-0.910825,0
-99816.5,-1304.58,0,-0.98318,-0.910776,0
-99914.8,-1395.66,0,-0.97918,-0.910724,0
-100013,-1486.73,0,-0.975188,-0.910668,0
-100110,-1577.8,0,-0.971205,-0.910609,0
-100207,-1668.86,0,-0.967229,-0.910546,0
-100304,-1759.91,0,-0.963261,-0.91048,0
-100400,-1850.96,0,-0.959301,-0.910411,0
-100496,-1942,0,-0.955349,-0.910338,0
-100592,-2033.03,0,-0.951404,-0.910262,0
-100687,-2124.06,0,-0.947467,-0.910182,0
-100782,-2215.08,0,-0.943538,-0.910099,0
-100876,-2306.09,0,-0.939617,-0.910013,0
-100970,-2397.09,0,-0.935703,-0.909924,0
-101064,-2488.08,0,-0.931796,-0.909831,0
-101157,-2579.06,0,-0.927897,-0.909735,0
-101250,-2670.04,0,-0.924006,-0.909636,0
-101342,-2761,0,-0.920122,-0.909533,0
-101434,-2851.96,0,-0.916245,-0.909428,0
-101526,-2942.9,0,-0.912375,-0.909319,0
-101617,-3033.83,0,-0.908513,-0.909207,0
-101708,-3124.75,0,-0.904658,-0.909092,0
-101798,-3215.66,0,-0.90081,-0.908974,0
-101888,-3306.56,0,-0.896969,-0.908852,0
-101978,-3397.44,0,-0.893136,-0.908728,0
-102067,-3488.32,0,-0.889309,-0.9086,0
-102156,-3579.18,0,-0.88549,-0.90847,0
-102245,-3670.02,0,-0.881677,-0.908336,0
-102333,-3760.86,0,-0.877872,-0.9082,0
-102421,-3851.68,0,-0.874073,-0.90806,0
-102508,-3942.48,0,-0.870282,-0.907917,0
-102595,-4033.27,0,-0.866497,-0.907772,0
-102682,-4124.05,0,-0.862718,-0.907623,0
-102768,-4214.81,0,-0.858947,-0.907472,0
-102854,-4305.56,0,-0.855182,-0.907317,0
-102940,-4396.29,0,-0.851424,-0.90716,0
-103025,-4487.01,0,-0.847673,-0.907,0
-103109,-4577.71,0,-0.843928,-0.906837,0
-103194,-4668.39,0,-0.84019,-0.906671,0
-103278,-4759.06,0,-0.836459,-0.906502,0
-103361,-4849.71,0,-0.832734,-0.90633,0
-103445,-4940.34,0,-0.829015,-0.906156,0
-103528,-5030.96,0,-0.825303,-0.905979,0
-103610,-5121.56,0,-0.821597,-0.905799,0
-103692,-5212.14,0,-0.817897,-0.905616,0
-103774,-5302.7,0,-0.814204,-0.90543,0
-103856,-5393.24,0,-0.810517,-0.905242,0
-103937,-5483.76,0,-0.806837,-0.905051,0
-104017,-5574.27,0,-0.803162,-0.904857,0
-104098,-5664.75,0,-0.799494,-0.90466,0
-104178,-5755.22,0,-0.795832,-0.904461,0
-104257,-5845.67,0,-0.792176,-0.904259,0
-104336,-5936.09,0,-0.788526,-0.904054,0
-104415,-6026.5,0,-0.784882,-0.903847,0
-104494,-6116.88,0,-0.781244,-0.903637,0
-104572,-6207.25,0,-0.777612,-0.903424,0
-104650,-6297.59,0,-0.773986,-0.903209,0
-104727,-6387.91,0,-0.770366,-0.902991,0
-104804,-6478.21,0,-0.766752,-0.902771,0
-104881,-6568.49,0,-0.763144,-0.902548,0
-104957,-6658.74,0,-0.759542,-0.902322,0
-105033,-6748.97,0,-0.755945,-0.902094,0
-105109,-6839.18,0,-0.752354,-0.901863,0
-105184,-6929.37,0,-0.748769,-0.90163,0
-105259,-7019.53,0,-0.74519,-0.901394,0
-105333,-7109.67,0,-0.741616,-0.901156,0
-105407,-7199.79,0,-0.738048,-0.900915,0
-105481,-7289.88,0,-0.734485,-0.900672,0
-105555,-7379.95,0,-0.730928,-0.900426,0
-105628,-7469.99,0,-0.727377,-0.900178,0
-105700,-7560.01,0,-0.723831,-0.899927,0
-105773,-7650,0,-0.72029,-0.899674,0
-105845,-7739.97,0,-0.716755,-0.899418,0
-105917,-7829.91,0,-0.713226,-0.89916,0
-105988,-7919.82,0,-0.709701,-0.898899,0
-106059,-8009.71,0,-0.706183,-0.898636,0
-106129,-8099.58,0,-0.702669,-0.898371,0
-106200,-8189.41,0,-0.699161,-0.898103,0
-106270,-8279.22,0,-0.695658,-0.897833,0
-106339,-8369.01,0,-0.69216,-0.897561,0
-106408,-8458.76,0,-0.688668,-0.897286,0
-106477,-8548.49,0,-0.685181,-0.897009,0
-106546,-8638.19,0,-0.681699,-0.896729,0
-106614,-8727.87,0,-0.678222,-0.896447,0
-106682,-8817.51,0,-0.67475,-0.896163,0
-106749,-8907.13,0,-0.671283,-0.895876,0
-106816,-8996.71,0,-0.667821,-0.895587,0
-106883,-9086.27,0,-0.664365,-0.895296,0
-106950,-9175.8,0,-0.660913,-0.895003,0
-107016,-9265.3,0,-0.657466,-0.894707,0
-107081,-9354.77,0,-0.654025,-0.894409,0
-107147,-9444.22,0,-0.650588,-0.894109,0
-107212,-9533.63,0,-0.647156,-0.893806,0
-107277,-9623.01,0,-0.643729,-0.893502,0
-107341,-9712.36,0,-0.640307,-0.893195,0
-107405,-9801.68,0,-0.636889,-0.892886,0
-107469,-9890.97,0,-0.633477,-0.892574,0
-107532,-9980.22,0,-0.630069,-0.89226,0
-107595,-10069.4,0,-0.626666,-0.891945,0
-107658,-10158.6,0,-0.623267,-0.891627,0
-107720,-10247.8,0,-0.619874,-0.891306,0
-107782,-10336.9,0,-0.616485,-0.890984,0
-107844,-10426,0,-0.6131,-0.890659,0
-107905,-10515.1,0,-0.60972,-0.890333,0
-107966,-10604.1,0,-0.606345,-0.890004,0
-108027,-10693.1,0,-0.602975,-0.889673,0
-108087,-10782.1,0,-0.599609,-0.889339,0
-108147,-10871,0,-0.596247,-0.889004,0
-108207,-10959.9,0,-0.59289,-0.888667,0
-108266,-11048.8,0,-0.589537,-0.888327,0
-108325,-11137.6,0,-0.586189,-0.887985,0
-108383,-11226.4,0,-0.582846,-0.887642,0
-108442,-11315.2,0,-0.579506,-0.887296,0
-108500,-11403.9,0,-0.576171,-0.886948,0
-108557,-11492.6,0,-0.572841,-0.886598,0
-108615,-11581.3,0,-0.569514,-0.886246,0
-108671,-11669.9,0,-0.566192,-0.885891,0
-108728,-11758.5,0,-0.562875,-0.885535,0
-108784,-11847,0,-0.559561,-0.885177,0
-108840,-11935.6,0,-0.556252,-0.884816,0
-108896,-12024,0,-0.552947,-0.884454,0
-108951,-12112.5,0,-0.549646,-0.884089,0
-109006,-12200.9,0,-0.54635,-0.883723,0
-109061,-12289.3,0,-0.543057,-0.883354,0
-109115,-12377.6,0,-0.539769,-0.882984,0
-109169,-12465.9,0,-0.536484,-0.882611,0
-109223,-12554.2,0,-0.533204,-0.882237,0
-109276,-12642.4,0,-0.529928,-0.88186,0
-109329,-12730.6,0,-0.526656,-0.881482,0
-109382,-12818.7,0,-0.523388,-0.881101,0
-109434,-12906.8,0,-0.520124,-0.880719,0
-109486,-12994.9,0,-0.516864,-0.880334,0
-109538,-13082.9,0,-0.513608,-0.879948,0
-109589,-13170.9,0,-0.510355,-0.879559,0
-109640,-13258.9,0,-0.507107,-0.879169,0
-109691,-13346.8,0,-0.503863,-0.878776,0
-109741,-13434.7,0,-0.500622,-0.878382,0
-109791,-13522.5,0,-0.497385,-0.877986,0
-109841,-13610.3,0,-0.494152,-0.877588,0
-109890,-13698.1,0,-0.490923,-0.877188,0
-109940,-13785.8,0,-0.487698,-0.876785,0
-109988,-13873.5,0,-0.484476,-0.876382,0
-110037,-13961.1,0,-0.481259,-0.875976,0
-110085,-14048.7,0,-0.478044,-0.875568,0
-110133,-14136.3,0,-0.474834,-0.875158,0
-110180,-14223.8,0,-0.471627,-0.874747,0
-110227,-14311.3,0,-0.468424,-0.874333,0
-110274,-14398.7,0,-0.465225,-0.873918,0
-110321,-14486.1,0,-0.462029,-0.8735,0
-110367,-14573.4,0,-0.458837,-0.873081,0
-110413,-14660.7,0,-0.455648,-0.87266,0
-110458,-14748,0,-0.452463,-0.872237,0
-110504,-14835.2,0,-0.449282,-0.871812,0
-110549,-14922.4,0,-0.446104,-0.871386,0
-110593,-15009.6,0,-0.44293,-0.870957,0
-110637,-15096.7,0,-0.439759,-0.870527,0
-110681,-15183.7,0,-0.436591,-0.870095,0
-110725,-15270.7,0,-0.433427,-0.869661,0
-110768,-15357.7,0,-0.430266,-0.869225,0
-110811,-15444.6,0,-0.427109,-0.868787,0
-110854,-15531.5,0,-0.423955,-0.868348,0
-110897,-15618.3,0,-0.420805,-0.867906,0
-110939,-15705.1,0,-0.417658,-0.867463,0
-110980,-15791.9,0,-0.414514,-0.867018,0
-111022,-15878.6,0,-0.411374,-0.866571,0
-111063,-15965.2,0,-0.408237,-0.866122,0
-111104,-16051.8,0,-0.405103,-0.865672,0
-111144,-16138.4,0,-0.401972,-0.86522,0
-111185,-16224.9,0,-0.398845,-0.864765,0
-111224,-16311.4,0,-0.395721,-0.86431,0
-111264,-16397.8,0,-0.3926,-0.863852,0
-111303,-16484.2,0,-0.389482,-0.863392,0
-111342,-16570.5,0,-0.386368,-0.862931,0
-111381,-16656.8,0,-0.383257,-0.862468,0
-111419,-16743.1,0,-0.380148,-0.862003,0
-111457,-16829.3,0,-0.377043,-0.861537,0
-111495,-16915.4,0,-0.373941,-0.861068,0
-111532,-17001.5,0,-0.370842,-0.860598,0
-111569,-17087.6,0,-0.367747,-0.860126,0
-111606,-17173.6,0,-0.364654,-0.859653,0
-111643,-17259.6,0,-0.361564,-0.859177,0
-111679,-17345.5,0,-0.358478,-0.8587,0
-111715,-17431.4,0,-0.355394,-0.858221,0
-111750,-17517.2,0,-0.352313,-0.85774,0
-111785,-17603,0,-0.349236,-0.857258,0
-111820,-17688.7,0,-0.346161,-0.856774,0
-111855,-17774.4,0,-0.343089,-0.856288,0
-111889,-17860,0,-0.34002,-0.8558,0
-111923,-17945.6,0,-0.336954,-0.855311,0
-111957,-18031.1,0,-0.333891,-0.85482,0
-111990,-18116.6,0,-0.330831,-0.854327,0
-112023,-18202,0,-0.327773,-0.853832,0
-112056,-18287.4,0,-0.324719,-0.853336,0
-112089,-18372.7,0,-0.321667,-0.852838,0
-112121,-18458,0,-0.318618,-0.852338,0
-112153,-18543.3,0,-0.315572,-0.851837,0
-112184,-18628.4,0,-0.312529,-0.851333,0
-112215,-18713.6,0,-0.309488,-0.850828,0
-112246,-18798.7,0,-0.30645,-0.850322,0
-112277,-18883.7,0,-0.303415,-0.849814,0
-112307,-18968.7,0,-0.300383,-0.849304,0
-112337,-19053.6,0,-0.297353,-0.848792,0
-112367,-19138.5,0,-0.294326,-0.848278,0
